<?xml version="1.0"?>
<opencv_storage>
<filter type_id="opencv-matrix">
  <rows>25</rows>
  <cols>1</cols>
  <dt>d</dt>
  <data>
    -1.3414896811652206e-02 3.0254639503482692e-03
    2.3681822185324688e-02 1.1748988409550670e-02 5.2598054678883361e-04
    1.4038174399625136e-02 3.7958021315810692e-02 7.0151255694138229e-02
    4.6140491208194960e-02 2.4301840898229368e-02 4.3035540845448084e-02
    7.9785408398316909e-02 1.3173898076538418e-01 7.9718028143847292e-02
    4.6794857850850434e-02 2.9464925138414231e-02 5.2893998613074950e-02
    7.6941249853775401e-02 4.6431978756886191e-02 3.0298550977723750e-02
    3.3023140417101748e-02 4.5000496992663751e-02 5.8379688590490530e-02
    4.1586797330572148e-02 3.5717572891675278e-02</data></filter>
</opencv_storage>
